4.537520938665549387e-05 4.537520938665549387e-05 4.537520938665549387e-05 3.248585130182217017e-03
4.537520938665549387e-05 4.537520938665549387e-05 4.537520938665549387e-05 3.248585130182217017e-03
4.537520938665549387e-05 4.537520938665549387e-05 4.537520938665549387e-05 3.248585130182217017e-03
4.537520938665549387e-05 4.537520938665549387e-05 4.537520938665549387e-05 3.248585130182217017e-03
4.537520938665549387e-05 4.537520938665549387e-05 4.537520938665549387e-05 3.248585130182217017e-03
4.537520938665549387e-05 4.537520938665549387e-05 9.994554974873598452e-01 4.821327817839978769e-01
9.994554974873598452e-01 9.994554974873598452e-01 4.537520938665549387e-05 4.821327817839978769e-01
4.537520938665549387e-05 4.537520938665549387e-05 4.537520938665549387e-05 3.248585130182217017e-03
4.537520938665549387e-05 4.537520938665549387e-05 4.537520938665549387e-05 3.248585130182217017e-03
4.537520938665549387e-05 4.537520938665549387e-05 4.537520938665549387e-05 3.248585130182217017e-03
4.537520938665549387e-05 4.537520938665549387e-05 4.537520938665549387e-05 3.248585130182217017e-03
4.537520938665549387e-05 4.537520938665549387e-05 4.537520938665549387e-05 3.248585130182217017e-03
4.537520938665549387e-05 4.537520938665549387e-05 4.537520938665549387e-05 3.248585130182217017e-03
