9.995915675173909776e-01 9.995915675173909776e-01 9.995915675173909776e-01 9.995915675173909776e-01 9.995915675173909776e-01 9.995915675173909776e-01 4.538138695646168320e-05 4.538138695646168320e-05 4.538138695646168320e-05 4.538138695646168320e-05
4.538138695646168320e-05 4.538138695646168320e-05 4.538138695646168320e-05 4.538138695646168320e-05 4.538138695646168320e-05 4.538138695646168320e-05 4.538138695646168320e-05 4.538138695646168320e-05 4.538138695646168320e-05 4.538138695646168320e-05
4.538138695646168320e-05 4.538138695646168320e-05 4.538138695646168320e-05 4.538138695646168320e-05 4.538138695646168320e-05 4.538138695646168320e-05 4.538138695646168320e-05 4.538138695646168320e-05 4.538138695646168320e-05 4.538138695646168320e-05
4.538138695646168320e-05 4.538138695646168320e-05 4.538138695646168320e-05 4.538138695646168320e-05 4.538138695646168320e-05 4.538138695646168320e-05 4.538138695646168320e-05 4.538138695646168320e-05 4.538138695646168320e-05 4.538138695646168320e-05
4.538138695646168320e-05 4.538138695646168320e-05 4.538138695646168320e-05 4.538138695646168320e-05 4.538138695646168320e-05 4.538138695646168320e-05 4.538138695646168320e-05 4.538138695646168320e-05 4.538138695646168320e-05 4.538138695646168320e-05
4.538138695646168320e-05 4.538138695646168320e-05 4.538138695646168320e-05 4.538138695646168320e-05 4.538138695646168320e-05 4.538138695646168320e-05 4.538138695646168320e-05 4.538138695646168320e-05 4.538138695646168320e-05 4.538138695646168320e-05
4.538138695646168320e-05 4.538138695646168320e-05 4.538138695646168320e-05 4.538138695646168320e-05 4.538138695646168320e-05 4.538138695646168320e-05 9.995915675173909776e-01 4.538138695646168320e-05 4.538138695646168320e-05 4.538138695646168320e-05
4.538138695646168320e-05 4.538138695646168320e-05 4.538138695646168320e-05 4.538138695646168320e-05 4.538138695646168320e-05 4.538138695646168320e-05 4.538138695646168320e-05 9.995915675173909776e-01 4.538138695646168320e-05 4.538138695646168320e-05
4.538138695646168320e-05 4.538138695646168320e-05 4.538138695646168320e-05 4.538138695646168320e-05 4.538138695646168320e-05 4.538138695646168320e-05 4.538138695646168320e-05 4.538138695646168320e-05 9.995915675173909776e-01 4.538138695646168320e-05
4.538138695646168320e-05 4.538138695646168320e-05 4.538138695646168320e-05 4.538138695646168320e-05 4.538138695646168320e-05 4.538138695646168320e-05 4.538138695646168320e-05 4.538138695646168320e-05 4.538138695646168320e-05 9.995915675173909776e-01
